2.415 0.9800000000000001 0.0
2.424121328830005 0.9801402102802801 0.0
2.4332488423741268 0.9802802799988757 0.0
2.4423825406323667 0.9804202091557865 0.0
2.451522423604724 0.9805599977510132 0.0
2.4606684912912 0.9806996457845552 0.0
2.469820743691792 0.9808391532564128 0.0
2.478979180806503 0.9809785201665858 0.0
2.4881438026353306 0.9811177465150742 0.0
2.4973146091782765 0.9812568323018783 0.0
2.5064916004353397 0.9813957775269979 0.0
2.51567477640652 0.9815345821904331 0.0
2.524864137091819 0.9816732462921836 0.0
2.5340596824912343 0.9818117698322498 0.0
2.543261412604769 0.9819501528106314 0.0
2.55246932743242 0.9820883952273285 0.0
2.5616834269741893 0.9822264970823411 0.0
2.570903711230075 0.9823644583756692 0.0
2.5801301802000793 0.9825022791073129 0.0
2.589362833884201 0.9826399592772721 0.0
2.5986016722824408 0.9827774988855467 0.0
2.607846695394797 0.9829148979321369 0.0
2.617097903221272 0.9830521564170426 0.0
2.6263552957618646 0.9831892743402637 0.0
2.635618873016574 0.9833262517018002 0.0
2.644888634985402 0.9834630885016528 0.0
2.654164581668346 0.9835997847398202 0.0
2.66344671306541 0.9837363404163038 0.0
2.67273502917659 0.9838727555311025 0.0
2.6820295300018877 0.9840090300842168 0.0
2.691330215541303 0.9841451640756465 0.0
2.700637085794836 0.9842811575053916 0.0
2.7099501407624875 0.9844170103734524 0.0
2.719269380444256 0.9845527226798286 0.0
2.7285948048401414 0.9846882944245204 0.0
2.737926413950145 0.9848237256075277 0.0
2.7472642077742666 0.9849590162288505 0.0
2.7566081863125054 0.9850941662884888 0.0
2.765958349564861 0.9852291757864428 0.0
2.775314697531335 0.985364044722712 0.0
2.784677230211927 0.9854987730972968 0.0
2.7940459476066364 0.9856333609101973 0.0
2.803420849715463 0.9857678081614131 0.0
2.8128019365384076 0.9859021148509445 0.0
2.82218920807547 0.9860362809787913 0.0
2.8315826643266493 0.9861703065449537 0.0
2.8409823052919463 0.9863041915494316 0.0
2.8503881309713615 0.9864379359922251 0.0
2.8598001413648944 0.986571539873334 0.0
2.869218336472544 0.9867050031927584 0.0
2.8786427162943125 0.9868383259504984 0.0
2.8880732808301977 0.9869715081465538 0.0
2.8975100300802006 0.9871045497809248 0.0
2.9069529640443212 0.9872374508536113 0.0
2.916402082722559 0.9873702113646131 0.0
2.925857386114915 0.9875028313139306 0.0
2.9353188742213883 0.9876353107015635 0.0
2.9447865470419794 0.9877676495275121 0.0
2.9542604045766887 0.9878998477917761 0.0
2.9637404468255153 0.9880319054943556 0.0
2.9732266737884587 0.9881638226352507 0.0
2.9827190854655203 0.988295599214461 0.0
2.9922176818566992 0.9884272352319871 0.0
3.001722462961996 0.9885587306878285 0.0
3.0112334287814106 0.9886900855819856 0.0
3.0207505793149423 0.9888212999144581 0.0
3.0302739145625925 0.9889523736852462 0.0
3.039803434524359 0.9890833068943499 0.0
3.049339139200244 0.989214099541769 0.0
3.0588810285902466 0.9893447516275036 0.0
3.068429102694367 0.9894752631515537 0.0
3.077983361512604 0.9896056341139192 0.0
3.0875438050449597 0.9897358645146005 0.0
3.0971104332914323 0.989865954353597 0.0
3.1066832462520235 0.9899959036309093 0.0
3.1162622439267307 0.9901257123465368 0.0
3.125847426315558 0.99025538050048 0.0
3.1354387934185004 0.9903849080927385 0.0
3.1450363452355616 0.9905142951233129 0.0
3.1546400817667397 0.9906435415922024 0.0
3.164250003012036 0.9907726474994079 0.0
3.17386610897145 0.9909016128449282 0.0
3.1834883996449816 0.9910304376287647 0.0
3.19311687503263 0.9911591218509161 0.0
3.202751535134397 0.9912876655113837 0.0
3.2123923799502814 0.9914160686101664 0.0
3.2220394094802836 0.9915443311472646 0.0
3.231692623724403 0.9916724531226785 0.0
3.2413520226826398 0.9918004345364078 0.0
3.2510176063549947 0.9919282753884525 0.0
3.2606893747414674 0.9920559756788128 0.0
3.2703673278420573 0.9921835354074886 0.0
3.2800514656567645 0.9923109545744799 0.0
3.28974178818559 0.9924382331797866 0.0
3.2994382954285326 0.992565371223409 0.0
3.309140987385593 0.9926923687053468 0.0
3.318849864056771 0.9928192256256 0.0
3.3285649254420666 0.9929459419841687 0.0
3.3382861715414798 0.9930725177810531 0.0
3.3480136023550107 0.993198953016253 0.0
3.3577472178826593 0.9933252476897685 0.0
3.367487018124425 0.9934514018015993 0.0
3.377233003080309 0.9935774153517457 0.0
3.38698517275031 0.9937032883402076 0.0
3.3967435271344293 0.993829020766985 0.0
3.4065080662326657 0.993954612632078 0.0
3.41627879004502 0.9940800639354863 0.0
3.4260556985714916 0.9942053746772103 0.0
3.435838791812081 0.9943305448572497 0.0
3.445628069766788 0.9944555744756047 0.0
3.4554235324356126 0.994580463532275 0.0
3.465225179818555 0.994705212027261 0.0
3.4750330119156145 0.9948298199605625 0.0
3.4848470287267923 0.9949542873321795 0.0
3.494667230252088 0.9950786141421119 0.0
3.5044936164914997 0.9952028003903599 0.0
3.51432618744503 0.9953268460769233 0.0
3.524164943112678 0.9954507512018024 0.0
3.5340098834944436 0.995574515764997 0.0
3.543861008590327 0.995698139766507 0.0
3.5537183184003274 0.9958216232063325 0.0
3.5635818129244456 0.9959449660844735 0.0
3.5734514921626817 0.99606816840093 0.0
3.5833273561150363 0.9961912301557023 0.0
3.593209404781507 0.9963141513487898 0.0
3.603097638162096 0.9964369319801929 0.0
3.612992056256802 0.9965595720499114 0.0
3.6228926590656267 0.9966820715579456 0.0
3.6327994465885673 0.9968044305042952 0.0
3.6427124188256275 0.9969266488889604 0.0
3.6526315757768035 0.997048726711941 0.0
3.6625569174420995 0.9971706639732373 0.0
3.67248844382151 0.9972924606728487 0.0
3.6824261549150408 0.997414116810776 0.0
3.6923700507226873 0.9975356323870186 0.0
3.7023201312444534 0.9976570074015768 0.0
3.7122763964803354 0.9977782418544504 0.0
3.722238846430336 0.9978993357456398 0.0
3.7322074810944534 0.9980202890751444 0.0
3.7421823004726895 0.9981411018429648 0.0
3.7521633045650415 0.9982617740491002 0.0
3.762150493371512 0.9983823056935517 0.0
3.7721438668921006 0.9985026967763183 0.0
3.7821434251268062 0.9986229472974006 0.0
3.79214916807563 0.9987430572567983 0.0
3.802161095738571 0.9988630266545117 0.0
3.8121792081156296 0.9989828554905403 0.0
3.822203505206806 0.9991025437648846 0.0
3.8322339870121005 0.9992220914775445 0.0
3.842270653531512 0.9993414986285198 0.0
3.8523135047650414 0.9994607652178106 0.0
3.862362540712688 0.9995798912454169 0.0
3.872417761374453 0.9996988767113387 0.0
3.8824791667503344 0.999817721615576 0.0
3.8925467568403342 0.9999364259581287 0.0
3.9026205316444513 1.0000549897389972 0.0
3.9127004911626866 1.000173412958181 0.0
3.9227866353950382 1.0002916956156804 0.0
3.932878964341509 1.0004098377114952 0.0
3.942977478002096 1.0005278392456256 0.0
3.953082176376802 1.0006457002180715 0.0
3.963193059465625 1.000763420628833 0.0
3.9733101272685656 1.0008810004779098 0.0
3.9834333797856236 1.0009984397653022 0.0
3.9935628170167994 1.00111573849101 0.0
4.003698438962092 1.0012328966550337 0.0
4.013840245621504 1.0013499142573725 0.0
4.023988236995032 1.0014667912980268 0.0
4.034142413082679 1.001583527776997 0.0
4.044302773884442 1.0017001236942822 0.0
4.054469319400324 1.0018165790498836 0.0
4.064642049630322 1.0019328938438 0.0
4.07482096457444 1.0020490680760321 0.0
4.085006064232673 1.0021651017465794 0.0
4.095197348605026 1.0022809948554428 0.0
4.105394817691495 1.0023967474026207 0.0
4.115598471492083 1.0025123593881151 0.0
4.125808310006787 1.0026278308119245 0.0
4.13602433323561 1.0027431616740499 0.0
4.14624654117855 1.00285835197449 0.0
4.156474933835608 1.0029734017132466 0.0
4.166709511206782 1.0030883108903177 0.0
4.176950273292076 1.003203079505705 0.0
4.187197220091485 1.0033177075594073 0.0
4.197450351605014 1.0034321950514258 0.0
4.207709667832659 1.003546541981759 0.0
4.217975168774424 1.0036607483504085 0.0
4.228246854430303 1.0037748141573728 0.0
4.238524724800303 1.0038887394026532 0.0
4.248808779884418 1.0040025240862487 0.0
4.259099019682652 1.00411616820816 0.0
4.269395444195003 1.0042296717683865 0.0
4.279698053421472 1.0043430347669289 0.0
4.290006847362059 1.0044562572037865 0.0
4.300321826016763 1.0045693390789596 0.0
4.310642989385585 1.0046822803924484 0.0
4.320970337468524 1.0047950811442525 0.0
4.331303870265581 1.0049077413343723 0.0
4.341643587776756 1.0050202609628076 0.0
4.351989490002048 1.0051326400295584 0.0
4.362341576941458 1.0052448785346246 0.0
4.372699848594985 1.0053569764780064 0.0
4.383064304962631 1.0054689338597036 0.0
4.393434946044393 1.0055807506797163 0.0
4.403811771840274 1.0056924269380445 0.0
4.414194782350272 1.0058039626346884 0.0
4.424583977574388 1.0059153577696476 0.0
4.434979357512621 1.0060266123429225 0.0
4.445380922164972 1.0061377263545126 0.0
4.45578867153144 1.0062486998044184 0.0
4.466202605612026 1.00635953269264 0.0
4.476622724406729 1.0064702250191766 0.0
4.487049027915551 1.006580776784029 0.0
4.497481516138489 1.006691187987197 0.0
4.507920189075546 1.0068014586286802 0.0
4.51836504672672 1.0069115887084792 0.0
4.528816089092012 1.0070215782265937 0.0
4.539273316171421 1.0071314271830234 0.0
4.549736727964948 1.0072411355777688 0.0
4.560206324472593 1.00735070341083 0.0
4.570682105694354 1.0074601306822062 0.0
4.581164071630234 1.0075694173918983 0.0
4.591652222280231 1.0076785635399055 0.0
4.602146557644348 1.0077875691262286 0.0
4.6126470777225785 1.007896434150867 0.0
4.6231537825149305 1.008005158613821 0.0
4.633666672021397 1.0081137425150903 0.0
4.644185746241983 1.0082221858546756 0.0
4.654711005176686 1.008330488632576 0.0
4.665242448825507 1.008438650848792 0.0
4.675780077188445 1.0085466725033232 0.0
4.686323890265501 1.0086545535961706 0.0
4.6968738880566745 1.0087622941273329 0.0
4.7074300705619665 1.008869894096811 0.0
4.7179924377813744 1.0089773535046045 0.0
4.728560989714901 1.0090846723507136 0.0
4.739135726362544 1.009191850635138 0.0
4.7497166477243065 1.0092988883578784 0.0
4.760303753800185 1.0094057855189336 0.0
4.770897044590183 1.009512542118305 0.0
4.781496520094296 1.0096191581559912 0.0
4.792102180312529 1.0097256336319937 0.0
4.802714025244878 1.009831968546311 0.0
4.813332054891346 1.0099381628989446 0.0
4.823956269251931 1.0100442166898929 0.0
4.834586668326633 1.010150129919157 0.0
4.845223252115454 1.0102559025867368 0.0
4.855866020618391 1.0103615346926318 0.0
4.8665149738354465 1.0104670262368425 0.0
4.8771701117666195 1.0105723772193687 0.0
4.887831434411909 1.0106775876402103 0.0
4.898498941771319 1.0107826574993677 0.0
4.909172633844844 1.0108875867968403 0.0
4.919852510632487 1.0109923755326284 0.0
4.930538572134249 1.0110970237067323 0.0
4.941230818350127 1.0112015313191516 0.0
4.9519292492801235 1.0113058983698862 0.0
4.962633864924237 1.0114101248589364 0.0
4.973344665282469 1.0115142107863022 0.0
4.9840616503548185 1.0116181561519835 0.0
4.994784820141285 1.0117219609559802 0.0
5.005514174641869 1.0118256251982927 0.0
5.016249713856571 1.0119291488789204 0.0
5.026991437785391 1.0120325319978636 0.0
5.037739346428328 1.0121357745551223 0.0
5.048493439785383 1.0122388765506967 0.0
5.0592537178565555 1.0123418379845865 0.0
5.070020180641845 1.012444658856792 0.0
5.080792828141253 1.0125473391673128 0.0
5.091571660354777 1.0126498789161489 0.0
5.102356677282421 1.012752278103301 0.0
5.113147878924181 1.0128545367287682 0.0
5.123945265280059 1.012956654792551 0.0
5.134748836350055 1.0130586322946495 0.0
5.145558592134169 1.0131604692350635 0.0
5.156374532632399 1.0132621656137928 0.0
5.167196657844748 1.0133637214308377 0.0
5.178024967771214 1.0134651366861982 0.0
5.188859462411798 1.0135664113798741 0.0
5.199700141766499 1.0136675455118656 0.0
5.210547005835318 1.0137685390821725 0.0
5.221400054618255 1.0138693920907949 0.0
5.2322592881153085 1.013970104537733 0.0
5.243124706326481 1.0140706764229865 0.0
5.25399630925177 1.0141711077465554 0.0
5.264874096891177 1.01427139850844 0.0
5.275758069244702 1.01437154870864 0.0
5.2866482263123435 1.0144715583471553 0.0
5.297544568094104 1.0145714274239863 0.0
5.308447094589981 1.0146711559391328 0.0
5.319355805799976 1.0147707438925948 0.0
5.330270701724089 1.0148701912843725 0.0
5.341191782362319 1.0149694981144655 0.0
5.352119047714668 1.0150686643828741 0.0
5.363052497781133 1.015167690089598 0.0
5.373992132561717 1.0152665752346377 0.0
5.384937952056418 1.0153653198179928 0.0
5.395889956265236 1.0154639238396634 0.0
5.406848145188172 1.0155623872996495 0.0
5.417812518825225 1.0156607101979511 0.0
5.428783077176397 1.0157588925345682 0.0
5.439759820241686 1.015856934309501 0.0
5.450742748021092 1.015954835522749 0.0
5.461731860514616 1.0160525961743125 0.0
5.472727157722258 1.0161502162641918 0.0
5.483728639644018 1.0162476957923865 0.0
5.494736306279894 1.0163450347588967 0.0
5.505750157629889 1.0164422331637224 0.0
5.5167701936940015 1.0165392910068636 0.0
5.527796414472231 1.0166362082883202 0.0
5.538828819964578 1.0167329850080924 0.0
5.549867410171044 1.0168296211661803 0.0
5.560912185091626 1.0169261167625834 0.0
5.571963144726326 1.0170224717973022 0.0
5.583020289075145 1.0171186862703365 0.0
5.59408361813808 1.017214760181686 0.0
5.605153131915133 1.0173106935313514 0.0
5.616228830406304 1.0174064863193322 0.0
5.627310713611592 1.0175021385456284 0.0
5.638398781530998 1.0175976502102404 0.0
5.6494930341645215 1.0176930213131676 0.0
5.660593471512163 1.0177882518544104 0.0
5.6717000935739215 1.0178833418339688 0.0
5.6828129003497985 1.0179782912518425 0.0
5.693931891839792 1.0180731001080319 0.0
5.705057068043904 1.0181677684025368 0.0
5.716188428962133 1.0182622961353571 0.0
5.727325974594479 1.018356683306493 0.0
5.738469704940944 1.0184509299159443 0.0
5.749619620001527 1.0185450359637112 0.0
5.760775719776226 1.0186390014497935 0.0
5.771938004265043 1.0187328263741913 0.0
5.783106473467978 1.0188265107369048 0.0
5.79428112738503 1.0189200545379338 0.0
5.805461966016201 1.0190134577772783 0.0
5.8166489893614886 1.019106720454938 0.0
5.827842197420894 1.0191998425709137 0.0
5.839041590194417 1.0192928241252044 0.0
5.850247167682057 1.0193856651178108 0.0
5.861458929883816 1.019478365548733 0.0
5.872676876799692 1.0195709254179703 0.0
5.883901008429685 1.0196633447255234 0.0
5.895131324773796 1.0197556234713918 0.0
5.9063678258320245 1.019847761655576 0.0
5.917610511604371 1.0199397592780755 0.0
5.928859382090835 1.0200316163388903 0.0
5.940114437291417 1.020123332838021 0.0
5.951375677206116 1.020214908775467 0.0
5.962643101834932 1.0203063441512286 0.0
5.973916711177867 1.0203976389653056 0.0
5.985196505234918 1.020488793217698 0.0
5.996482484006088 1.0205798069084062 0.0
6.007774647491376 1.0206706800374297 0.0
6.01907299569078 1.0207614126047688 0.0
6.030377528604302 1.0208520046104232 0.0
6.041688246231943 1.0209424560543936 0.0
6.0530051485737 1.021032766936679 0.0
6.064328235629576 1.02112293725728 0.0
6.075657507399569 1.021212967016197 0.0
6.086992963883679 1.021302856213429 0.0
6.098334605081908 1.0213926048489768 0.0
6.109682430994254 1.0214822129228398 0.0
6.121036441620717 1.0215716804350186 0.0
6.132396636961297 1.0216610073855126 0.0
6.143763017015996 1.0217501937743223 0.0
6.155135581784812 1.0218392396014475 0.0
6.166514331267746 1.0219281448668882 0.0
6.177899265464798 1.0220169095706446 0.0
6.189290384375966 1.022105533712716 0.0
6.200687688001253 1.0221940172931034 0.0
6.212091176340658 1.022282360311806 0.0
6.2235008493941795 1.0223705627688244 0.0
6.234916707161818 1.022458624664158 0.0
6.246338749643575 1.0225465459978074 0.0
6.25776697683945 1.0226343267697722 0.0
6.269201388749443 1.0227219669800525 0.0
6.280641985373554 1.0228094666286482 0.0
6.292088766711781 1.0228968257155595 0.0
6.303541732764126 1.0229840442407863 0.0
6.315000883530589 1.0230711222043287 0.0
6.326466219011169 1.0231580596061864 0.0
6.337937739205867 1.0232448564463599 0.0
6.349415444114682 1.0233315127248486 0.0
6.360899333737616 1.023418028441653 0.0
6.372389408074666 1.0235044035967729 0.0
6.383885667125834 1.0235906381902082 0.0
6.395388110891121 1.023676732221959 0.0
6.4068967393705245 1.0237626856920254 0.0
6.418411552564045 1.0238484986004073 0.0
6.429932550471684 1.0239341709471048 0.0
6.441459733093441 1.0240197027321176 0.0
6.452993100429316 1.0241050939554461 0.0
6.464532652479306 1.02419034461709 0.0
6.476078389243416 1.0242754547170494 0.0
6.487630310721643 1.0243604242553244 0.0
6.499188416913988 1.024445253231915 0.0
6.51075270782045 1.024529941646821 0.0
6.5223231834410305 1.0246144895000424 0.0
6.533899843775728 1.0246988967915793 0.0
6.545482688824542 1.0247831635214317 0.0
6.557071718587475 1.0248672896895998 0.0
6.5686669330645255 1.0249512752960832 0.0
6.580268332255693 1.0250351203408823 0.0
6.591875916160979 1.0251188248239969 0.0
6.603489684780382 1.025202388745427 0.0
6.6151096381139025 1.0252858121051724 0.0
6.626735776161541 1.0253690949032335 0.0
6.638368098923297 1.02545223713961 0.0
6.650006606399171 1.0255352388143022 0.0
6.661651298589162 1.0256180999273097 0.0
6.673302175493271 1.0257008204786329 0.0
6.684959237111497 1.0257834004682713 0.0
6.696622483443842 1.0258658398962255 0.0
6.708291914490303 1.0259481387624951 0.0
6.719967530250883 1.0260302970670803 0.0
6.731649330725579 1.0261123148099809 0.0
6.743337315914395 1.026194191991197 0.0
6.755031485817326 1.0262759286107286 0.0
6.766731840434376 1.0263575246685759 0.0
6.778438379765544 1.0264389801647384 0.0
6.790151103810828 1.0265202950992167 0.0
6.801870012570231 1.0266014694720103 0.0
6.81359510604375 1.0266825032831195 0.0
6.825326384231389 1.0267633965325442 0.0
6.837063847133144 1.0268441492202844 0.0
6.848807494749018 1.0269247613463401 0.0
6.860557327079008 1.0270052329107113 0.0
6.872313344123116 1.027085563913398 0.0
6.884075545881342 1.0271657543544004 0.0
6.895843932353686 1.0272458042337183 0.0
6.907618503540147 1.0273257135513514 0.0
6.919399259440725 1.0274054823073002 0.0
6.931186200055421 1.0274851105015643 0.0
6.942979325384235 1.0275645981341441 0.0
6.954778635427168 1.0276439452050397 0.0
6.966584130184216 1.0277231517142502 0.0
6.978395809655383 1.0278022176617767 0.0
6.9902136738406675 1.0278811430476185 0.0
7.002037722740069 1.0279599278717757 0.0
7.013867956353589 1.0280385721342487 0.0
7.025704374681226 1.0281170758350369 0.0
7.0375469777229815 1.0281954389741408 0.0
7.049395765478853 1.0282736615515602 0.0
7.061250737948844 1.028351743567295 0.0
7.073111895132951 1.0284296850213455 0.0
7.084979237031177 1.0285074859137113 0.0
7.096852763643519 1.0285851462443927 0.0
7.10873247496998 1.0286626660133897 0.0
7.120618371010558 1.028740045220702 0.0
7.132510451765254 1.02881728386633 0.0
7.144408717234067 1.0288943819502734 0.0
7.156313167416998 1.0289713394725324 0.0
7.1682238023140465 1.0290481564331069 0.0
7.180140621925213 1.0291248328319968 0.0
7.192063626250497 1.0292013686692023 0.0
7.203992815289898 1.0292777639447233 0.0
7.215928189043417 1.0293540186585597 0.0
7.227869747511054 1.0294301328107118 0.0
7.239817490692808 1.0295061064011792 0.0
7.251771418588681 1.0295819394299623 0.0
7.26373153119867 1.0296576318970607 0.0
7.275697828522777 1.0297331838024748 0.0
7.287670310561002 1.0298085951462044 0.0
7.299648977313344 1.0298838659282494 0.0
7.3116338287798035 1.02995899614861 0.0
7.323624864960382 1.0300339858072862 0.0
7.335622085855077 1.0301088349042777 0.0
7.34762549146389 1.0301835434395847 0.0
7.35963508178682 1.0302581114132074 0.0
7.371650856823868 1.0303325388251454 0.0
7.383672816575034 1.030406825675399 0.0
7.395700961040317 1.0304809719639683 0.0
7.407735290219717 1.0305549776908527 0.0
7.419775804113236 1.0306288428560528 0.0
7.431822502720872 1.0307025674595687 0.0
7.4438753860426266 1.0307761515013998 0.0
7.4559344540784975 1.0308495949815464 0.0
7.467999706828487 1.0309228979000087 0.0
7.480071144292594 1.0309960602567863 0.0
7.492148766470818 1.0310690820518795 0.0
7.50423257336316 1.0311419632852883 0.0
7.516322564969618 1.0312147039570123 0.0
7.528418741290196 1.031287304067052 0.0
7.54052110232489 1.0313597636154073 0.0
7.552629648073703 1.031432082602078 0.0
7.564744378536632 1.0315042610270644 0.0
7.57686529371368 1.031576298890366 0.0
7.588992393604845 1.0316481961919834 0.0
7.601125678210127 1.031719952931916 0.0
7.613265147529528 1.0317915691101645 0.0
7.625410801563046 1.0318630447267283 0.0
7.637562640310682 1.0319343797816076 0.0
7.649720663772434 1.0320055742748022 0.0
7.661884871948305 1.0320766282063125 0.0
7.674055264838293 1.0321475415761383 0.0
7.6862318424424 1.0322183143842798 0.0
7.6984146047606234 1.0322889466307366 0.0
7.710603551792965 1.032359438315509 0.0
7.7227986835394224 1.0324297894385968 0.0
7.735 1.0325000000000002 0.0
