2.975 0.9800000000000001 0.0
2.97763827887501 0.9796854223867353 0.0
2.9802926198097612 0.9793729498184968 0.0
2.9829630608319664 0.9790625789150439 0.0
2.9856496399693335 0.9787543062961358 0.0
2.9883523952495734 0.9784481285815312 0.0
2.9910713647003964 0.9781440423909897 0.0
2.9938065863495136 0.9778420443442698 0.0
2.9965580982246345 0.9775421310611312 0.0
2.999325938353468 0.9772442991613325 0.0
3.002110144763727 0.9769485452646332 0.0
3.004910755483119 0.9766548659907918 0.0
3.0077278085393555 0.9763632579595679 0.0
3.0105613419601482 0.9760737177907209 0.0
3.0134113937732043 0.9757862421040088 0.0
3.0162780020062376 0.9755008275191916 0.0
3.0191612046869554 0.975217470656028 0.0
3.0220610398430687 0.9749361681342773 0.0
3.0249775455022876 0.9746569165736987 0.0
3.027910759692323 0.9743797125940508 0.0
3.0308607204408853 0.9741045528150933 0.0
3.0338274657756843 0.9738314338565847 0.0
3.0368110337244296 0.9735603523382846 0.0
3.039811462314833 0.9732913048799516 0.0
3.0428287895746027 0.973024288101345 0.0
3.0458630535314515 0.9727592986222244 0.0
3.0489142922130856 0.9724963330623478 0.0
3.0519825436472203 0.9722353880414758 0.0
3.0550678458615623 0.971976460179366 0.0
3.058170236883823 0.9717195460957783 0.0
3.0612897547417126 0.9714646424104711 0.0
3.06442643746294 0.9712117457432043 0.0
3.0675803230752177 0.9709608527137367 0.0
3.070751449606254 0.9707119599418275 0.0
3.073939855083761 0.9704650640472358 0.0
3.0771455775354477 0.9702201616497199 0.0
3.080368654989024 0.96997724936904 0.0
3.083609125472201 0.9697363238249546 0.0
3.086867027012689 0.9694973816372229 0.0
3.090142397638197 0.9692604194256039 0.0
3.0934352753764363 0.9690254338098571 0.0
3.0967456982551176 0.9687924214097412 0.0
3.10007370430195 0.9685613788450151 0.0
3.1034193315446443 0.9683323027354385 0.0
3.106782618010911 0.9681051897007699 0.0
3.110163601728459 0.9678800363607686 0.0
3.1135623207250003 0.9676568393351939 0.0
3.1169788130282443 0.9674355952438048 0.0
3.1204131166659006 0.9672163007063601 0.0
3.1238652696656803 0.9669989523426195 0.0
3.127335310055294 0.9667835467723414 0.0
3.130823275862451 0.9665700806152853 0.0
3.1343292051148612 0.9663585504912099 0.0
3.1378531358402366 0.9661489530198748 0.0
3.141395106066286 0.9659412848210389 0.0
3.1449551538207206 0.9657355425144609 0.0
3.1485333171312484 0.9655317227199006 0.0
3.152129634025582 0.9653298220571166 0.0
3.155744142531431 0.9651298371458682 0.0
3.1593768806765055 0.9649317646059145 0.0
3.163027886488517 0.9647356010570143 0.0
3.166697197995173 0.964541343118927 0.0
3.1703848532241854 0.9643489874114114 0.0
3.174090890203264 0.964158530554227 0.0
3.1778153469601196 0.9639699691671326 0.0
3.1815582615224627 0.9637832998698873 0.0
3.1853196719180024 0.9635985192822503 0.0
3.1890996161744494 0.9634156240239806 0.0
3.1928981323195145 0.9632346107148374 0.0
3.1967152583809066 0.9630554759745796 0.0
3.2005510323863375 0.9628782164229663 0.0
3.2044054923635166 0.9627028286797569 0.0
3.2082786763401545 0.9625293093647106 0.0
3.2121706223439603 0.9623576550975856 0.0
3.2160813684026466 0.9621878624981421 0.0
3.2200109525439204 0.962019928186138 0.0
3.2239594127954954 0.9618538487813336 0.0
3.2279267871850785 0.9616896209034869 0.0
3.2319131137403834 0.9615272411723583 0.0
3.235918430489116 0.9613667062077051 0.0
3.239942775458991 0.9612080126292886 0.0
3.2439861866777155 0.9610511570568657 0.0
3.2480487021730022 0.9608961361101971 0.0
3.2521303599725586 0.9607429464090409 0.0
3.2562311981040972 0.960591584573157 0.0
3.2603512545953275 0.9604420472223038 0.0
3.2644905674739593 0.9602943309762404 0.0
3.268649174767703 0.9601484324547265 0.0
3.2728271145042687 0.9600043482775208 0.0
3.277024424711368 0.9598620750643823 0.0
3.2812411434167097 0.9597216094350702 0.0
3.285477308648003 0.9595829480093437 0.0
3.289732958432961 0.9594460874069617 0.0
3.2940081307992912 0.9593110242476837 0.0
3.2983028637747065 0.959177755151268 0.0
3.302617195386915 0.9590462767374743 0.0
3.3069511636636273 0.9589165856260616 0.0
3.3113048066325543 0.958788678436789 0.0
3.3156781623214067 0.9586625517894155 0.0
3.3200712687578924 0.9585382023037002 0.0
3.324484163969724 0.9584156265994025 0.0
3.328916885984611 0.958294821296281 0.0
3.333369472830263 0.9581757830140948 0.0
3.337841962534392 0.9580585083726034 0.0
3.3423343931247063 0.9579429939915655 0.0
3.3468468026289164 0.9578292364907405 0.0
3.351379229074734 0.9577172324898874 0.0
3.355931710489867 0.9576069786087654 0.0
3.3605042849020283 0.957498471467133 0.0
3.3650969903389254 0.9573917076847502 0.0
3.3697098648282706 0.9572866838813753 0.0
3.3743429463977734 0.9571833966767677 0.0
3.378996273075144 0.9570818426906865 0.0
3.3836698828880936 0.9569820185428909 0.0
3.38836381386433 0.95688392085314 0.0
3.3930781040315656 0.9567875462411926 0.0
3.3978127914175102 0.9566928913268081 0.0
3.4025679140498744 0.9565999527297454 0.0
3.407343509956367 0.9565087270697636 0.0
3.412139617164699 0.9564192109666217 0.0
3.416956273702582 0.9563314010400793 0.0
3.4217935175977234 0.9562452939098948 0.0
3.426651386877835 0.9561608861958277 0.0
3.4315299195706297 0.9560781745176372 0.0
3.436429153703811 0.9559971554950819 0.0
3.441349127305097 0.9559178257479213 0.0
3.446289878402191 0.955840181895914 0.0
3.4512514450228093 0.9557642205588203 0.0
3.456233865194656 0.9556899383563976 0.0
3.4612371769454477 0.9556173319084065 0.0
3.4662614183028877 0.9555463978346046 0.0
3.471306627294695 0.9554771327547528 0.0
3.4763728419485704 0.9554095332886084 0.0
3.481460100292231 0.955343596055932 0.0
3.486568440353383 0.9552793176764812 0.0
3.4916979001597412 0.9552166947700168 0.0
3.496848517739009 0.9551557239562959 0.0
3.5020203311189038 0.9550964018550796 0.0
3.5072133783271293 0.9550387250861254 0.0
3.5124276973914026 0.9549826902691939 0.0
3.5176633263394272 0.9549282940240422 0.0
3.522920303198918 0.9548755329704313 0.0
3.528198665997583 0.9548244037281193 0.0
3.5334984527631335 0.9547749029168656 0.0
3.538819701523279 0.954727027156429 0.0
3.5441624503057305 0.9546807730665688 0.0
3.5495267371381973 0.9546361372670442 0.0
3.554912600048391 0.9545931163776143 0.0
3.5603200770640204 0.9545517070180378 0.0
3.5657492062127956 0.9545119058080741 0.0
3.5712000255224288 0.9544737093674823 0.0
3.576672573020628 0.9544371143160214 0.0
3.5821668867351053 0.9544021172734505 0.0
3.5876830046935693 0.9543687148595287 0.0
3.5932209649237317 0.9543369036940151 0.0
3.5987808054533015 0.9543066803966689 0.0
3.604362564309989 0.9542780415872489 0.0
3.6099662795215055 0.9542509838855144 0.0
3.61559198911556 0.9542255039112245 0.0
3.6212397311198643 0.9542015982841383 0.0
3.6269095435621264 0.9541792636240148 0.0
3.6326014644700586 0.9541584965506131 0.0
3.6383155318713705 0.9541392936836923 0.0
3.644051783793772 0.9541216516430117 0.0
3.649810258264973 0.9541055670483302 0.0
3.655590993312685 0.9540910365194065 0.0
3.661394026964617 0.9540780566760004 0.0
3.667219397248479 0.9540666241378706 0.0
3.6730671421919836 0.9540567355247765 0.0
3.6789372998228376 0.9540483874564765 0.0
3.6848299081687546 0.9540415765527306 0.0
3.6907450052574413 0.9540362994332969 0.0
3.6966826291166126 0.9540325527179359 0.0
3.7026428177739734 0.9540303330264046 0.0
3.708625609257238 0.9540296369784644 0.0
3.7146310415941137 0.9540304611938726 0.0
3.720659152812314 0.9540328022923895 0.0
3.726709980939545 0.954036656893773 0.0
3.732783564003523 0.9540420216177836 0.0
3.738879940031951 0.9540488930841792 0.0
3.7449991470525448 0.9540572679127197 0.0
3.751141223093011 0.9540671427231634 0.0
3.7573062061810627 0.9540785141352705 0.0
3.7634941343444073 0.9540913787687986 0.0
3.7697050456107584 0.9541057332435082 0.0
3.7759389780078223 0.9541215741791572 0.0
3.7821959695633143 0.9541388981955061 0.0
3.788476058304938 0.9541577019123125 0.0
3.7947792822604103 0.9541779819493369 0.0
3.8011056794574367 0.9541997349263367 0.0
3.8074552879237307 0.9542229574630727 0.0
3.813828145686999 0.9542476461793028 0.0
3.820224290774955 0.9542737976947869 0.0
3.8266437612153075 0.9543014086292836 0.0
3.833086595035767 0.9543304756025519 0.0
3.8395528302640445 0.9543609952343515 0.0
3.846042504927848 0.9543929641444407 0.0
3.85255565705489 0.9544263789525791 0.0
3.8590923246728805 0.9544612362785259 0.0
3.865652545809528 0.9544975327420399 0.0
3.8722363584925446 0.95453526496288 0.0
3.8788438007496393 0.9545744295608056 0.0
3.8854749106085236 0.9546150231555759 0.0
3.8921297260969068 0.9546570423669499 0.0
3.898808285242499 0.9547004838146864 0.0
3.9055106260730104 0.9547453441185446 0.0
3.9122367866161523 0.9547916198982839 0.0
3.9189868048996335 0.9548393077736633 0.0
3.925760718951165 0.9548884043644417 0.0
3.932558566798458 0.9549389062903783 0.0
3.9393803864692214 0.9549908101712319 0.0
3.946226215991165 0.9550441126267619 0.0
3.9530960933920003 0.9550988102767276 0.0
3.959990056699437 0.9551548997408877 0.0
3.9669081439411853 0.9552123776390015 0.0
3.9738503931449554 0.9552712405908278 0.0
3.980816842338458 0.9553314852161263 0.0
3.9878075295494027 0.9553931081346552 0.0
3.994822492805499 0.9554561059661743 0.0
4.00186177013446 0.9555204753304428 0.0
4.008925399563991 0.9555862128472188 0.0
4.016013419121809 0.9556533151362628 0.0
4.023125866835618 0.9557217788173323 0.0
4.030262780733133 0.9557916005101881 0.0
4.03742419884206 0.9558627768345875 0.0
4.044610159190112 0.9559353044102915 0.0
4.051820699804997 0.9560091798570574 0.0
4.05905585871443 0.9560843997946458 0.0
4.066315673946114 0.9561609608428143 0.0
4.073600183527766 0.9562388596213236 0.0
4.080909425487092 0.9563180927499314 0.0
4.088243437851805 0.9563986568483979 0.0
4.0956022586496115 0.9564805485364807 0.0
4.102985925908227 0.956563764433941 0.0
4.110394477655356 0.9566483011605357 0.0
4.117827951918714 0.9567341553360257 0.0
4.125286386726006 0.9568213235801685 0.0
4.132769820104948 0.956909802512725 0.0
4.140278290083244 0.9569995887534523 0.0
4.147811834688611 0.9570906789221113 0.0
4.155370491948753 0.9571830696384597 0.0
4.162954299891385 0.9572767575222577 0.0
4.170563296544212 0.957371739193263 0.0
4.178197519934951 0.9574680112712365 0.0
4.185857008091307 0.9575655703759357 0.0
4.193541799040992 0.9576644131271207 0.0
4.201251930811716 0.9577645361445499 0.0
4.20898744143119 0.9578659360479829 0.0
4.2167483689271235 0.9579686094571785 0.0
4.224534751327226 0.958072552991896 0.0
4.232346626659209 0.9581777632718943 0.0
4.240184032950782 0.9582842369169327 0.0
4.248047008229656 0.9583919705467698 0.0
4.255935590523539 0.9585009607811654 0.0
4.263849817860145 0.9586112042398782 0.0
4.271789728267182 0.9587226975426671 0.0
4.279755359772359 0.9588354373092915 0.0
4.28774675040339 0.9589494201595107 0.0
4.2957639381879815 0.9590646427130832 0.0
4.303806961153845 0.9591811015897685 0.0
4.31187585732869 0.9592987934093253 0.0
4.3199706647402305 0.9594177147915135 0.0
4.328091421416172 0.9595378623560914 0.0
4.336238165384226 0.9596592327228182 0.0
4.344410934672104 0.9597818225114533 0.0
4.3526097673075155 0.9599056283417556 0.0
4.360834701318171 0.9600306468334843 0.0
4.36908577473178 0.9601568746063983 0.0
4.377363025576054 0.9602843082802568 0.0
4.385666491878702 0.9604129444748188 0.0
4.393996211667435 0.9605427798098438 0.0
4.402352222969962 0.9606738109050902 0.0
4.410734563813995 0.9608060343803178 0.0
4.4191432722272435 0.9609394468552851 0.0
4.427578386237417 0.9610740449497517 0.0
4.436039943872227 0.9612098252834762 0.0
4.444527983159382 0.961346784476218 0.0
4.453042542126595 0.961484919147736 0.0
4.461583658801573 0.9616242259177896 0.0
4.470151371212029 0.9617647014061377 0.0
4.478745717385672 0.9619063422325392 0.0
4.487366735350212 0.9620491450167536 0.0
4.496014463133358 0.9621931063785396 0.0
4.504688938762823 0.9623382229376566 0.0
4.513390200266317 0.9624844913138635 0.0
4.522118285671548 0.9626319081269193 0.0
4.530873233006227 0.9627804699965833 0.0
4.539655080298065 0.9629301735426146 0.0
4.548463865574773 0.9630810153847723 0.0
4.557299626864059 0.9632329921428152 0.0
4.566162402193634 0.9633861004365026 0.0
4.57505222959121 0.9635403368855938 0.0
4.583969147084495 0.9636956981098473 0.0
4.592913192701201 0.9638521807290231 0.0
4.601884404469036 0.9640097813628793 0.0
4.610882820415712 0.9641684966311755 0.0
4.619908478568939 0.9643283231536709 0.0
4.628961416956427 0.9644892575501244 0.0
4.638041673605885 0.964651296440295 0.0
4.647149286545026 0.9648144364439418 0.0
4.6562842938015585 0.9649786741808243 0.0
4.665446733403193 0.9651440062707011 0.0
4.674636643377639 0.9653104293333314 0.0
4.683854061752607 0.9654779399884746 0.0
4.693099026555809 0.9656465348558895 0.0
4.7023715758149525 0.9658162105553352 0.0
4.71167174755775 0.9659869637065708 0.0
4.72099957981191 0.9661587909293555 0.0
4.730355110605145 0.9663316888434482 0.0
4.739738377965163 0.9665056540686081 0.0
4.749149419919674 0.9666806832245946 0.0
4.7585882744963905 0.966856772931166 0.0
4.768054979723022 0.9670339198080822 0.0
4.777549573627278 0.9672121204751021 0.0
4.787072094236867 0.9673913715519844 0.0
4.796622579579503 0.9675716696584885 0.0
4.806201067682894 0.9677530114143733 0.0
4.815807596574751 0.9679353934393984 0.0
4.8254422042827825 0.9681188123533224 0.0
4.835104928834702 0.9683032647759043 0.0
4.844795808258217 0.9684887473269037 0.0
4.854514880581039 0.9686752566260792 0.0
4.864262183830877 0.9688627892931899 0.0
4.874037756035443 0.9690513419479954 0.0
4.883841635222446 0.9692409112102544 0.0
4.893673859419596 0.9694314936997261 0.0
4.9035344666546035 0.9696230860361693 0.0
4.913423494955181 0.9698156848393437 0.0
4.923340982349035 0.9700092867290078 0.0
4.933286966863877 0.9702038883249209 0.0
4.943261486527418 0.970399486246842 0.0
4.953264579367369 0.9705960771145304 0.0
4.963296283411438 0.9707936575477452 0.0
4.9733566366873365 0.9709922241662454 0.0
4.983445677222775 0.97119177358979 0.0
4.993563443045464 0.9713923024381381 0.0
5.003709972183112 0.9715938073310488 0.0
5.013885302663431 0.9717962848882814 0.0
5.024089472514131 0.9719997317295948 0.0
5.03432251976292 0.9722041444747481 0.0
5.044584482437512 0.9724095197435004 0.0
5.054875398565614 0.9726158541556107 0.0
5.065195306174938 0.9728231443308384 0.0
5.075544243293193 0.9730313868889422 0.0
5.0859222479480914 0.9732405784496814 0.0
5.09632935816734 0.9734507156328152 0.0
5.106765611978654 0.9736617950581025 0.0
5.117231047409739 0.9738738133453023 0.0
5.127725702488306 0.974086767114174 0.0
5.138249615242067 0.9743006529844764 0.0
5.14880282369873 0.9745154675759686 0.0
5.159385365886008 0.97473120750841 0.0
5.169997279831609 0.9749478694015596 0.0
5.180638603563246 0.9751654498751763 0.0
5.1913093751086254 0.9753839455490191 0.0
5.202009632495461 0.9756033530428475 0.0
5.212739413751459 0.9758236689764201 0.0
5.223498756904333 0.9760448899694966 0.0
5.234287699981793 0.9762670126418356 0.0
5.245106281011547 0.9764900336131963 0.0
5.255954538021308 0.9767139495033379 0.0
5.266832509038784 0.9769387569320191 0.0
5.277740232091688 0.9771644525189995 0.0
5.288677745207726 0.977391032884038 0.0
5.299645086414611 0.9776184946468937 0.0
5.310642293740054 0.9778468344273256 0.0
5.321669405211763 0.9780760488450927 0.0
5.33272645885745 0.9783061345199547 0.0
5.343813492704824 0.97853708807167 0.0
5.354930544781597 0.978768906119998 0.0
5.366077653115477 0.9790015852846976 0.0
5.377254855734176 0.979235122185528 0.0
5.388462190665401 0.9794695134422483 0.0
5.399699695936867 0.9797047556746177 0.0
5.410967409576282 0.9799408455023951 0.0
5.422265369611356 0.9801777795453398 0.0
5.4335936140698 0.9804155544232107 0.0
5.444952180979322 0.980654166755767 0.0
5.456341108367634 0.9808936131627676 0.0
5.4677604342624475 0.981133890263972 0.0
5.47921019669147 0.9813749946791387 0.0
5.490690433682414 0.9816169230280274 0.0
5.502201183262988 0.9818596719303967 0.0
5.513742483460905 0.9821032380060061 0.0
5.52531437230387 0.9823476178746142 0.0
5.536916887819598 0.9825928081559805 0.0
5.548550068035799 0.9828388054698641 0.0
5.560213950980181 0.9830856064360239 0.0
5.571908574680455 0.983333207674219 0.0
5.5836339771643315 0.9835816058042084 0.0
5.595390196459522 0.9838307974457517 0.0
5.607177270593734 0.9840807792186075 0.0
5.618995237594678 0.9843315477425348 0.0
5.630844135490068 0.984583099637293 0.0
5.6427240023076095 0.9848354315226411 0.0
5.654634876075017 0.9850885400183382 0.0
5.6665767948199965 0.9853424217441435 0.0
5.678549796570262 0.9855970733198158 0.0
5.69055391935352 0.9858524913651143 0.0
5.702589201197484 0.9861086724997983 0.0
5.714655680129864 0.9863656133436267 0.0
5.726753394178368 0.9866233105163585 0.0
5.738882381370707 0.986881760637753 0.0
5.751042679734592 0.9871409603275694 0.0
5.7632343272977336 0.9874009062055664 0.0
5.77545736208784 0.9876615948915031 0.0
5.787711822132625 0.9879230230051391 0.0
5.7999977454597955 0.988185187166233 0.0
5.8123151700970626 0.9884480839945441 0.0
5.824664134072137 0.9887117101098314 0.0
5.837044675412729 0.9889760621318541 0.0
5.849456832146548 0.9892411366803712 0.0
5.861900642301306 0.989506930375142 0.0
5.874376143904711 0.9897734398359253 0.0
5.886883374984475 0.9900406616824801 0.0
5.8994223735683065 0.9903085925345658 0.0
5.911993177683916 0.9905772290119415 0.0
5.924595825359017 0.990846567734366 0.0
5.937230354621316 0.9911166053215988 0.0
5.949896803498524 0.9913873383933984 0.0
5.9625952100183515 0.9916587635695245 0.0
5.97532561220851 0.9919308774697361 0.0
5.988088048096707 0.9922036767137916 0.0
6.000882555710656 0.992477157921451 0.0
6.013709173078065 0.9927513177124729 0.0
6.026567938226646 0.9930261527066166 0.0
6.039458889184106 0.993301659523641 0.0
6.052382063978158 0.9935778347833052 0.0
6.065337500636512 0.9938546751053685 0.0
6.078325237186878 0.9941321771095898 0.0
6.091345311656965 0.9944103374157283 0.0
6.104397762074484 0.9946891526435429 0.0
6.117482626467147 0.9949686194127929 0.0
6.130599942862662 0.9952487343432374 0.0
6.14374974928874 0.9955294940546353 0.0
6.15693208377309 0.9958108951667458 0.0
6.1701469843434245 0.9960929342993281 0.0
6.183394489027452 0.996375608072141 0.0
6.196674635852884 0.9966589131049439 0.0
6.2099874628474305 0.9969428460174957 0.0
6.2233330080388 0.9972274034295555 0.0
6.236711309454706 0.9975125819608827 0.0
6.2501224051228546 0.9977983782312358 0.0
6.263566333070959 0.9980847888603744 0.0
6.277043131326729 0.9983718104680573 0.0
6.290552837917875 0.9986594396740438 0.0
6.304095490872105 0.9989476730980927 0.0
6.317671128217134 0.9992365073599637 0.0
6.331279787980666 0.9995259390794151 0.0
6.344921508190415 0.9998159648762066 0.0
6.358596326874092 1.000106581370097 0.0
6.372304282059406 1.0003977851808452 0.0
6.386045411774066 1.0006895729282108 0.0
6.399819754045784 1.0009819412319525 0.0
6.413627346902269 1.0012748867118295 0.0
6.427468228371232 1.001568405987601 0.0
6.441342436480384 1.001862495679026 0.0
6.455250009257433 1.0021571524058637 0.0
6.469190984730091 1.002452372787873 0.0
6.483165400926068 1.0027481534448128 0.0
6.497173295873074 1.0030444909964427 0.0
6.5112147075988185 1.0033413820625214 0.0
6.525289674131013 1.0036388232628084 0.0
6.539398233497368 1.0039368112170624 0.0
6.553540423725592 1.0042353425450425 0.0
6.567716282843397 1.0045344138665082 0.0
6.581925848878491 1.004834021801218 0.0
6.5961691598585865 1.0051341629689314 0.0
6.610446253811393 1.0054348339894075 0.0
6.62475716876462 1.005736031482405 0.0
6.639101942745978 1.0060377520676833 0.0
6.653480613783178 1.0063399923650016 0.0
6.66789321990393 1.0066427489941188 0.0
6.682339799135944 1.006946018574794 0.0
6.6968203895069305 1.0072497977267865 0.0
6.7113350290446 1.007554083069855 0.0
6.72588375577666 1.0078588712237588 0.0
6.740466607730825 1.0081641588082573 0.0
6.755083622934803 1.008469942443109 0.0
6.769734839416303 1.0087762187480733 0.0
6.784420295203039 1.0090829843429094 0.0
6.799140028322716 1.009390235847376 0.0
6.81389407680305 1.0096979698812327 0.0
6.8286824786717455 1.0100061830642382 0.0
6.843505271956517 1.0103148720161517 0.0
6.858362494685074 1.0106240333567325 0.0
6.873254184885126 1.0109336637057393 0.0
6.888180380584382 1.0112437596829316 0.0
6.903141119810553 1.0115543179080682 0.0
6.918136440591352 1.0118653350009084 0.0
6.933166380954487 1.012176807581211 0.0
6.948230978927667 1.0124887322687353 0.0
6.963330272538602 1.0128011056832402 0.0
6.9784642998150055 1.0131139244444851 0.0
6.993633098784586 1.0134271851722287 0.0
7.008836707475054 1.0137408844862308 0.0
7.024075163914119 1.0140550190062498 0.0
7.039348506129491 1.014369585352045 0.0
7.05465677214888 1.0146845801433753 0.0
7.07 1.0150000000000001 0.0
